0 1.63475842392
1 1.62543349228
2 1.06299247316
3 1.46169395115
4 0.576224877535
5 1.73138663483
6 1.63760521797
7 1.68691308981
8 1.36993634951
9 1.15837849724
10 0.673141748594
11 0.644924324594
12 0.774445395615
13 1.14883428373
14 0.915584228822
15 0.567501273628
16 0.682534493924
17 1.33690701582
18 0.583221204261
19 1.9505989639
20 1.07990637117
21 1.23715153558
22 1.86273106407
23 1.28132276284
24 1.56399229562
25 1.96085337589
26 1.96227194733
27 1.67362448515
28 1.37838897528
29 0.769856199623
30 0.518668466295
31 1.05434794215
32 0.717440450957
33 1.35468589098
34 0.96072516412
35 1.6821721833
36 1.9792032322
37 0.696057580604
38 0.696313259558
39 1.05883257179
40 1.09826526479
41 0.536834644435
42 1.94355364597
43 1.90448130538
44 1.00131789171
45 1.92188907529
46 1.20118576899
47 0.956886529971
48 0.652707012225
49 0.952700782935
50 0.601084398022
51 1.73256456308
52 0.608200329077
53 1.44912345303
54 0.719090020573
55 1.87338572474
56 1.7679350672
57 1.46671220298
58 1.85839549929
59 1.65920210052
60 0.837628261009
61 1.46930446195
62 1.26715449357
63 1.76868858737
64 1.23973760453
65 1.09339470289
66 1.22967084692
67 1.19562622412
68 1.79796475597
69 1.22405270788
70 1.32947072442
71 0.848576152012
72 0.74029819495
73 1.81580974369
74 1.56620335336
75 1.89404810755
76 1.68162624996
77 1.61375067777
78 1.71677558633
79 1.04250645511
80 1.6460115719
81 1.48953314188
82 1.49102013046
83 0.63128684441
84 0.934488946834
85 0.906328145301
86 1.53367700108
87 1.13698178862
88 1.33418871175
89 0.693202527682
90 1.94469195638
91 1.50511971184
92 1.44492195455
93 0.735219253275
94 0.968112343103
95 0.604498692481
96 1.60948938076
97 1.76071348514
98 1.71640223465
99 1.38420422311
100 1.7776571957
101 1.79328376678
102 1.88873831472
103 1.28698398514
104 1.98957808073
105 1.09624787187
106 0.863285875013
107 1.71235228962
108 1.68914457326
109 1.52617566392
110 1.773944743
111 1.48725927565
112 1.14927146677
113 0.608820872629
114 1.40460221586
115 1.38270503444
116 0.579481899924
117 0.848162264363
118 0.785932702213
119 1.17991129073
120 1.70802082487
121 0.503124568222
122 1.5603093829
123 1.0972496851
124 1.17989337878
125 1.03875848385
126 1.17496267932
127 0.618453181509
128 1.57879599053
129 1.37905740424
130 1.13118475707
131 1.784397702
132 1.00052605962
133 0.923681229579
134 0.74116648641
135 1.60883684296
136 1.73687851034
137 1.54920854129
138 0.812993148305
139 0.850418731451
140 0.744939036247
141 1.15640335004
142 1.66276614421
143 0.543097406002
144 1.90412414872
145 1.33648280979
146 1.3917267205
147 1.02641867889
148 1.07240616897
149 1.51101656179
150 0.750788121488
151 1.48946225943
152 1.17595488917
153 1.96855295152
154 1.67210405222
155 1.41824846334
156 1.95246699326
157 1.38903939036
158 1.16593524208
159 1.56783245495
160 1.98222070179
161 1.2329404741
162 1.54977528617
163 1.4000653831
164 1.48521986023
165 1.1563304622
166 0.803928810194
167 0.879800084758
168 0.595272257278
169 0.643000409272
170 0.849956885577
171 0.552122286508
172 1.18018834319
173 1.18765917412
174 1.83772164655
175 0.776400950828
176 0.909173414288
177 1.77764194488
178 1.60203428791
179 0.525732798394
180 0.740136380093
181 0.556166236685
182 0.535082018879
183 1.32510720785
184 1.8643707419
185 1.93528360641
186 1.15262814716
187 1.71708376279
188 1.18086620814
189 1.01256177999
190 1.48143567332
191 1.93980579563
192 1.41650879925
193 1.17826832115
194 0.731278836924
195 1.98192731354
196 0.842593283629
197 0.666099921876
198 0.929149257159
199 1.01983497138
200 1.80722627953
201 1.29993028065
202 1.83525911927
203 0.7793706426
204 1.96734049725
205 1.85559526132
206 1.16884114302
207 1.08169025196
208 1.87508781822
209 1.92704060286
210 1.71007605634
211 1.76849123156
212 1.76343754954
213 0.960893234407
214 0.661499610702
215 1.81487902149
216 1.61786313667
217 1.14006154623
218 1.35299766542
219 1.01442375282
220 1.13771319399
221 1.35053260199
222 1.44204304348
223 1.90953087229
224 1.00274991915
225 1.69176756548
226 0.784523505432
227 1.99642209075
228 1.4351183342
229 0.55004179949
230 0.890466849036
231 0.973168553972
232 0.713942972514
233 1.58085778323
234 0.841621636152
235 0.993599312077
236 1.34622508937
237 0.835673742383
238 0.957545928433
239 0.779023718357
240 1.03626994605
241 1.7062770551
242 1.89230812452
243 1.16261317256
244 1.75438230165
245 1.22173505144
246 1.95554722437
247 1.75029387909
248 1.30024944289
249 0.515883993697
250 1.47607592839
251 0.740327045928
252 0.769286313111
253 0.522971044829
254 0.830270595202
255 1.92748008387
256 0.543097147959
257 1.8572194057
258 0.916561809919
259 0.815116866625
260 1.4258660481
261 1.65998308652
262 0.781877228586
263 1.21703530776
264 1.24041458626
265 1.83178668175
266 1.5603471725
267 1.42579199874
268 0.854297417461
269 0.664199515726
270 1.1456206128
271 1.44516542696
272 0.773041899465
273 1.07483710709
274 1.59208335313
275 1.01885384953
276 1.56021106758
277 1.76055921608
278 0.651631709312
279 1.9790326521
280 0.659186304663
281 1.53470029222
282 0.859857269674
283 0.865686385412
284 0.807756278361
285 1.80553153039
286 0.522013247472
287 1.27391330309
288 0.828501715212
289 1.83098313639
290 0.670726212147
291 1.19443302179
292 1.42968670443
293 1.85044654134
294 1.71136122333
295 1.17780763671
296 0.7270803803
297 1.40678585064
298 0.875455590906
299 1.68926747554
300 1.21830555154
301 1.03514749109
302 0.801265430718
303 1.24334017508
304 1.01334222389
305 1.19073874541
306 1.91757521901
307 0.749713301352
308 1.72244989715
309 1.35007624367
310 0.946868404466
311 1.87166633461
312 0.944850000298
313 0.512308660963
314 1.8222953259
315 1.55630852104
316 1.58236494564
317 0.564248287136
318 1.55649068083
319 1.00526584593
320 1.65076404309
321 1.75538646285
322 1.67160714461
323 1.00547452684
324 1.30291581873
325 1.47119074148
326 0.616929496789
327 0.539631573645
328 1.16322707533
329 1.14704872089
330 1.05806923884
331 0.758843361017
332 1.81258648814
333 1.33674916877
334 1.17728121489
335 1.20876258336
336 1.09633670782
337 1.86351322075
338 0.849559911028
339 0.996451721925
340 1.82760609801
341 1.3529134054
342 1.92775407023
343 0.68840664764
344 1.48323312053
345 0.74595788052
346 1.85277274603
347 1.99677097642
348 1.38053048537
349 1.33088862198
350 0.85343251132
351 0.60357134148
352 1.28095645034
353 1.38509103447
354 0.616458186917
355 1.08947208972
356 1.71635309693
357 0.520298038518
358 1.36812789103
359 1.25354497882
360 1.9432240144
361 0.513599123722
362 1.36799893009
363 1.31660736344
364 1.2742235774
365 1.83567377725
366 1.70114875889
367 1.68624201929
368 1.45591030462
369 1.66159334887
370 1.51953266806
371 1.84169112743
372 1.40226787365
373 0.881421231416
374 0.885316074759
375 0.647845949146
376 0.833261742592
377 1.14515997378
378 1.65475336782
379 1.31311361451
380 1.30185615104
381 1.74428029044
382 1.99839901989
383 0.93906099045
384 1.14022696117
385 1.59950298094
386 1.23823174068
387 1.85472881995
388 1.44525023235
389 1.76339468198
390 0.908292813166
391 0.56185088324
392 0.783565944707
393 1.74382885332
394 1.58673530805
395 0.591032096744
396 1.29216315529
397 1.18064916165
398 0.59417548675
399 1.39010877969
400 1.60068155667
401 1.53960614823
402 1.19010097787
403 0.729465366393
404 1.34422937891
405 0.644380552034
406 1.33618815775
407 0.694200743714
408 0.546223630823
409 1.18539291081
410 1.56644713126
411 0.804701204313
412 0.672203410268
413 1.35771648767
414 1.46922953772
415 1.46767047752
416 1.7080416951
417 0.909071695784
418 1.06082417263
419 0.736612937419
420 0.754637191539
421 0.705211575328
422 0.709349460671
423 1.81116379714
424 1.86090044532
425 1.79184422248
426 1.55154021026
427 1.36452986052
428 0.7103519194
429 1.56150193218
430 0.559964351935
431 1.89765551907
432 1.44386385815
433 1.30818749947
434 1.63820194713
435 0.997480226713
436 0.581770793165
437 0.550217837867
438 1.36925705793
439 1.55117890019
440 0.692542012007
441 1.29974075907
442 0.924780010907
443 1.66083625117
444 1.10636735847
445 0.978674677481
446 1.97205709997
447 1.74667792641
448 1.31221057371
449 1.38981421577
450 0.652174358861
451 1.39517078689
452 1.46601069974
453 1.9735605797
454 0.68443231196
455 1.32668724927
456 0.729244111051
457 0.867429409328
458 1.81618947395
459 1.83405134951
460 0.898665926252
461 0.59950349721
462 1.0529985352
463 0.752887961356
464 1.83688656781
465 0.770778422095
466 1.20471724803
467 1.83625674903
468 0.561468144652
469 1.17784981223
470 0.77188516451
471 0.70938468095
472 1.19748169851
473 0.629128863421
474 0.75879112012
475 0.848995767216
476 0.579148440337
477 1.40618384331
478 1.51389726862
479 1.71288842802
480 1.57610130201
481 0.958341394836
482 1.70051817609
483 1.1599542965
484 1.39985872807
485 1.0605432546
486 1.62368774981
487 1.13506517276
488 0.766571019164
489 1.72199486838
490 0.752394778609
491 1.06851739557
492 1.79730488323
493 0.835047023555
494 1.95663805736
495 1.63232432983
496 1.55040410977
497 0.515663146972
498 1.99988515078
499 1.29603090004
500 1.41340237885
501 1.70234947181
502 1.66786907693
503 1.57416818576
504 1.30163535645
505 0.795414242547
506 0.696598807598
507 1.57023445841
508 0.774067338125
509 1.64277054947
510 0.887768546569
511 1.98333908132
512 1.35245862312
513 0.502409215026
514 0.852437259976
515 1.27476513267
516 1.88049127629
517 0.974978158702
518 0.632453970511
519 1.01615004528
520 0.745263701227
521 1.83704248554
522 1.39930329864
523 1.5608368267
524 1.2349178339
525 1.91179449033
526 1.40096494117
527 1.61178381376
528 1.02663607808
529 1.9292945574
530 0.874923601067
531 0.560794575524
532 0.619388494957
533 1.92624510386
534 0.940642050279
535 0.908048371716
536 1.00178814216
537 1.51959458346
538 1.36038908578
539 0.902419930694
540 1.19901086566
541 1.84768353897
542 0.806806340236
543 1.59631647496
544 1.36649884022
545 0.534124654226
546 0.929095139837
547 0.966714342681
548 0.943447500675
549 0.629922197421
550 1.4516229845
551 1.74913816244
552 0.743758844229
553 1.69767324636
554 1.76186803993
555 1.87329221268
556 1.02756223999
557 0.684105990458
558 1.28405296294
559 1.68271446315
560 1.9281474198
561 1.66061870988
562 0.697112694693
563 1.40172929579
564 0.677475201465
565 1.01801370414
566 1.4350547572
567 1.21594792595
568 0.865385525123
569 1.90813047481
570 0.725227735522
571 1.97574495339
572 0.622457514946
573 0.85296889745
574 1.8071577662
575 1.0927413972
576 0.958864298637
577 0.5054620828
578 0.595038647779
579 1.68891355698
580 1.23126323472
581 0.921741973954
582 1.79898810799
583 0.720626509693
584 1.68962743524
585 0.741120146689
586 1.59764334583
587 0.754228016981
588 1.00271241933
589 1.05875525653
590 1.82995517101
591 1.42678338421
592 1.9654654865
593 1.65552670817
594 1.82739879463
595 1.75718586772
596 1.35909925607
597 0.802948255047
598 1.00552481646
599 1.69201337276
600 1.09303917336
601 1.40957323139
602 1.25865514842
603 1.81851709815
604 1.04645495286
605 0.75664757983
606 1.97808975756
607 1.53878853035
608 0.724268143276
609 1.05101982695
610 1.13075466181
611 1.19541037928
612 1.68534650188
613 1.07572574689
614 1.73508566195
615 1.78050082235
616 1.43302529719
617 1.59005987994
618 0.787406901663
619 0.539605128336
620 1.56091718633
621 0.875091529656
622 1.74477675231
623 1.39881202502
624 1.24552435994
625 1.80139025548
626 1.60824929372
627 1.65808590028
628 1.91831207388
629 0.561438502151
630 0.992430856777
631 1.9979112689
632 0.575931268687
633 0.690638279786
634 1.68783402312
635 1.98104993554
636 1.19678110686
637 0.753369563393
638 1.2284698788
639 1.97318215021
640 1.44423463707
641 1.60799286938
642 1.14927465571
643 1.1769986049
644 0.666115330862
645 1.14541746442
646 1.48670030626
647 1.5345762739
648 0.859965581916
649 1.6864622942
650 1.79431635378
651 1.25125145133
652 1.66933454842
653 1.05332028791
654 1.73936875101
655 1.20770205056
656 1.85164021065
657 1.67330680049
658 0.958571251386
659 0.873190795961
660 1.73954214042
661 0.633246531992
662 0.986528993763
663 0.862119393275
664 0.79020707146
665 1.34361405358
666 1.22977719966
667 0.668608849318
668 1.50805784664
669 1.82689318594
670 1.22518244532
671 1.68314794576
672 1.79500467367
673 1.1507997122
674 1.95644447319
675 1.67615543788
676 1.16731181572
677 1.11914405177
678 1.36376835366
679 1.01479450087
680 1.35465631729
681 0.685421879565
682 1.70021280667
683 1.84192790808
684 1.14339942596
685 0.558519885416
686 0.552621112843
687 1.43417466594
688 1.70840054838
689 1.16443768411
690 1.96819466255
691 0.518556565574
692 1.19110776943
693 1.00655677663
694 1.21056198007
695 1.19857504198
696 0.652528319777
697 1.78218904458
698 1.84717955991
699 1.9233204488
700 1.32912963358
701 1.68893815907
702 0.827764735573
703 1.28878910708
704 0.524421487771
705 0.782948576919
706 1.99776660216
707 1.81617586721
708 1.80516194609
709 0.772897707402
710 1.05085834084
711 1.80653059933
712 1.54236035487
713 1.65234690212
714 0.895602880033
715 1.64742181563
716 1.10771642203
717 1.46552066435
718 1.31735158393
719 1.81995714204
720 0.768876460603
721 1.89210426384
722 0.555461594394
723 1.46610208524
724 1.29949487482
725 1.52991889343
726 0.961570567149
727 1.66332868916
728 1.99424241393
729 1.32732754214
730 0.827819063848
731 0.788465006498
732 1.74045840319
733 1.51935790694
734 0.636664717562
735 0.80986404838
736 0.783071241496
737 1.61005434013
738 1.67268039463
739 1.99736339082
740 1.97225319813
741 1.73285922933
742 1.30035899149
743 0.881629619619
744 1.11242927084
745 0.706616291926
746 1.59824484842
747 1.83345929721
748 1.36056703029
749 0.648715892604
750 1.79320951477
751 1.27217807613
752 1.35085824011
753 1.57609105805
754 0.934325550391
755 1.03270114734
756 1.82531096661
757 1.52980713928
758 0.727819011794
759 1.30248376569
760 0.928669435737
761 1.8395064113
762 1.34248684595
763 0.685406308114
764 1.29876717929
765 1.81812360114
766 0.545514765798
767 0.931494191278
768 0.891119007976
769 0.912765759153
770 1.49087290761
771 1.25365300715
772 1.67968323672
773 1.37653914808
774 0.863923141266
775 1.34700123463
776 1.79352262141
777 1.95024145242
778 0.962563634656
779 0.626605099626
780 1.01566379918
781 1.02336084628
782 1.42794476013
783 1.57740213688
784 0.514053875738
785 0.671672703014
786 1.50257878987
787 0.971861039658
788 0.551966686468
789 1.87358003531
790 1.60920221837
791 0.517429071478
792 1.9124772538
793 1.9820285011
794 0.704402177048
795 1.2690354439
796 1.71619109201
797 1.97725592599
798 1.11698992151
799 1.42995611524
800 1.14135525233
801 1.27844272654
802 0.832476048699
803 1.32577964141
804 0.825312122769
805 0.925769371947
806 0.694551407525
807 1.79537516365
808 1.84208398188
809 1.39900432646
810 1.87011460016
811 1.60786850259
812 0.808989589441
813 0.620729594397
814 1.25387076055
815 0.998205834891
816 1.72956293448
817 0.735763070114
818 1.35938352374
819 1.66303299272
820 1.77457199373
821 1.92540236099
822 1.09281649354
823 1.8809685969
824 1.3620077833
825 1.46742309784
826 1.59681127967
827 0.641354360546
828 1.61775519174
829 1.12097980876
830 0.570457739145
831 0.724156991135
832 1.39991501767
833 1.81760750315
834 0.609271197918
835 0.517902405826
836 1.92817056604
837 1.98979616404
838 1.43400703171
839 1.6377602755
840 1.69394127716
841 1.33336229981
842 1.24878073471
843 0.530483481841
844 1.27387721344
845 1.00145029332
846 1.86747540802
847 1.44180176747
848 1.84109394623
849 1.34340045001
850 0.875187922908
851 1.06697564332
852 1.75688194447
853 1.64684684987
854 1.27448739821
855 1.02235330512
856 0.983353981037
857 1.05402097408
858 0.718976924644
859 1.5358292624
860 1.39376848056
861 0.603612223668
862 1.79770666863
863 1.91149920633
864 1.68277574299
865 1.2733773756
866 1.51366313419
867 1.56809488436
868 1.95005179628
869 1.14067161816
870 1.78453442617
871 1.06001985676
872 1.93754700064
873 1.75248748958
874 0.803364365146
875 1.48253493266
876 1.84947874598
877 1.19603195729
878 1.49239207255
879 1.1323282926
880 1.46684835952
881 1.78904883393
882 1.86569036834
883 1.57542310778
884 1.66991259459
885 0.994437446773
886 1.30660559986
887 1.7623974175
888 0.897105707504
889 1.71927404981
890 1.45206374789
891 1.22659112416
892 0.92450726762
893 1.91360034068
894 1.86666966976
895 1.17974682876
896 1.12606408702
897 0.702160657425
898 1.5198581204
899 1.7821811497
900 0.823821055336
901 1.3188413823
902 0.683941240892
903 1.608785838
904 1.37757580335
905 1.53469675338
906 0.525932040676
907 0.715674114928
908 0.969322938146
909 1.19238003545
910 1.09113163073
911 1.5615114976
912 1.32694593645
913 1.09254179391
914 1.14274149101
915 1.30544625509
916 1.57887842132
917 0.866607451728
918 1.33077535922
919 1.30775841106
920 1.06614035348
921 1.20396893305
922 0.840097105345
923 1.04331664309
924 1.9160308843
925 1.62778619165
926 1.26089548881
927 0.975297884622
928 1.9165255162
929 1.60489368787
930 0.810170894879
931 1.21382205315
932 0.942757801537
933 1.65296071904
934 1.68587840738
935 1.09945667836
936 0.942765065729
937 0.810687163544
938 1.67805749921
939 0.677997434695
940 1.29050168058
941 1.63792031523
942 0.840614884328
943 1.04273457237
944 0.629212438915
945 0.917749445216
946 1.04175798846
947 0.757305218737
948 0.527578543026
949 1.33766056572
950 1.30040734073
951 0.745684825576
952 1.81351258898
953 1.53005235807
954 1.40543393752
955 1.83305463807
956 1.26115100682
957 1.27584411429
958 1.61471422419
959 1.8919961618
960 1.22171450067
961 1.27800350995
962 1.31138762098
963 0.958518726615
964 1.66546273668
965 1.18640972655
966 1.55644340094
967 1.91973610183
968 1.42365077133
969 1.32994472801
970 1.06950604067
971 1.82125830112
972 1.16229743828
973 1.04708592225
974 1.8748301527
975 1.8168056133
976 0.857539917198
977 0.880894006645
978 1.43396278708
979 1.4004509527
980 1.79922105938
981 1.61387158771
982 0.652509470309
983 0.71367429555
984 0.997949758796
985 1.88128896835
986 1.25764128378
987 1.26797587773
988 0.772852128318
989 1.32871636408
990 1.65623711102
991 0.811893982797
992 1.26732271472
993 0.930831031733
994 1.15310505621
995 0.87206816365
996 0.659024674761
997 1.43137306021
998 1.36409967297
999 0.995673431108
1000 0.781545204445
1001 0.596763552202
1002 1.238704044
1003 1.25869545566
1004 0.801218950172
1005 1.91134287974
1006 0.651613059949
1007 1.65091462332
1008 1.79367730107
1009 1.99802995016
1010 0.684164176345
1011 1.66595381149
1012 1.57648001748
1013 0.558497467238
1014 1.15733460835
1015 0.704245901614
1016 1.30159768883
1017 0.55992529052
1018 0.88000675597
1019 1.20545722145
1020 0.60270902677
1021 1.63895591754
1022 1.0430397121
1023 1.3457092328
1024 1.25201653976
1025 1.40421795377
1026 1.77227396696
1027 1.77138528718
1028 1.40182612916
1029 0.692899645768
1030 1.45154625213
1031 0.964278618503
1032 1.6473339295
1033 0.944542998133
1034 1.06177963139
1035 1.272309884
1036 1.34520592852
1037 0.962954206828
1038 1.1257947124
1039 1.66212650977
1040 0.595099404595
1041 1.94530015309
1042 1.34432758195
1043 1.53582741494
1044 1.70879924066
1045 1.14690278754
1046 1.20132581266
1047 1.23136110053
1048 1.05199461675
1049 1.12916416002
1050 1.55522195059
1051 1.69223961816
1052 1.76126938003
1053 0.523567945029
1054 1.24300556719
1055 0.919004737111
1056 0.609459176106
1057 1.77678445222
1058 0.658690732009
1059 1.76436628958
1060 1.0384335077
1061 0.971942317567
1062 0.572870284134
1063 1.58307171483
1064 1.46728726779
1065 1.93174323523
1066 1.60134968145
1067 0.776020217986
1068 1.06558411895
1069 1.94903650469
1070 1.36921123509
1071 1.75727074263
1072 0.692359348088
1073 1.53240818029
1074 1.92076759303
1075 1.43534682225
1076 0.709986231586
1077 1.24828985328
1078 1.63257762804
1079 1.32914681633
1080 0.519847616728
1081 1.86257073829
1082 1.93508174341
1083 1.37426152649
1084 1.07489098964
1085 1.34667223663
1086 1.80476950306
1087 1.24759538137
1088 1.75363271963
1089 0.932231237034
1090 1.25338479385
1091 1.80999298697
1092 1.90460689046
1093 0.699820590677
1094 0.686141986691
1095 1.98896173876
1096 1.85602798737
1097 0.613420013491
1098 1.08727338995
1099 1.13600717554
1100 0.55560700525
1101 0.813981502893
1102 0.637829138372
1103 0.5378152709
1104 1.77427510063
1105 1.6311397577
1106 1.31435096561
1107 0.953949144133
1108 1.1855799583
1109 1.82254227523
1110 1.86684756805
1111 1.66454391309
1112 1.14958762681
1113 0.756773117648
1114 1.9342619448
1115 1.01630282258
1116 1.63840397264
1117 1.27127664525
1118 0.936147706481
1119 1.44527105336
1120 0.641942676798
1121 1.71747070116
1122 1.25393562289
1123 0.753165142921
1124 1.92417610774
1125 1.12575253434
1126 1.23775455818
1127 1.06709018414
1128 1.51397593332
1129 1.5694406649
1130 0.532775291755
1131 1.54221501552
1132 1.00663471485
1133 0.562727249586
1134 0.855434271883
1135 1.05526988994
1136 1.49061155725
1137 0.660506759512
1138 1.1151270112
1139 1.84721855198
1140 0.683787708429
1141 1.70981195059
1142 0.524390498441
1143 1.29640290973
1144 0.534849613466
1145 0.752955196938
1146 1.69040292627
1147 1.709720006
1148 1.43365803303
1149 1.89708471471
1150 0.756427353125
1151 1.19587373088
1152 1.67308255856
1153 1.57089653777
1154 0.603657171446
1155 0.625349397196
1156 1.83651452801
1157 1.46852115801
1158 1.81084123928
1159 0.960389681218
1160 1.98553237834
1161 1.64373854961
1162 1.16085282083
1163 0.517480082407
1164 1.09083401091
1165 1.23071688182
1166 0.591985951798
1167 1.88405845932
1168 1.46143816313
1169 1.7632912111
1170 1.02822886928
1171 0.95448566496
1172 1.89653850272
1173 1.26796550174
1174 0.861392440514
1175 1.65971878745
1176 0.796146607459
1177 1.8782799238
1178 1.42499374746
1179 1.95053906605
1180 1.80260165242
1181 1.7791385571
1182 1.91514020765
1183 1.3203474035
1184 0.70593838363
1185 1.569913547
1186 1.48000832783
1187 1.9890562903
1188 1.7467814737
1189 0.830944676426
1190 1.47581679669
1191 1.75877921496
1192 0.936629545347
1193 0.553598449534
1194 0.538476826164
1195 1.3402860563
1196 1.90008210702
1197 1.95752138045
1198 1.57007267028
1199 1.94009134006
1200 1.1666575651
1201 0.539963114975
1202 0.61320330745
1203 0.832988240267
1204 1.91810956568
1205 1.82315122953
1206 0.798316516627
1207 0.944505971759
1208 1.15664043272
1209 1.92171646511
1210 1.37183250262
1211 1.1431843267
1212 1.70181744295
1213 1.69694055801
1214 1.83715863993
1215 1.07122252827
1216 0.958632869495
1217 0.786595143268
1218 1.68971536383
1219 1.03049898773
1220 0.794600704204
1221 0.937144318556
1222 0.67849945872
1223 1.45075306669
1224 0.9119822796
1225 0.728153405544
1226 0.83367471788
1227 1.24688334746
1228 0.53644820589
1229 1.94401960587
1230 0.587131749155
1231 1.96446758891
1232 1.28221129256
1233 0.602627632964
1234 1.34661234809
1235 1.05677982866
1236 1.23361585775
1237 0.684722099034
1238 1.86983937764
1239 1.2245432438
1240 1.59943831869
1241 1.33370102771
1242 1.22388982869
1243 1.50395865869
1244 1.51408249054
1245 1.37368441665
1246 0.730628982481
1247 1.04937346045
1248 0.828849327787
1249 1.72123154301
1250 0.638933641786
1251 1.15608907268
1252 0.869509236756
1253 1.16548274998
1254 1.85476562605
1255 1.23247976285
1256 1.51676876118
1257 1.23280149549
1258 0.824965881759
1259 1.60545150944
1260 1.11756964716
1261 1.02732893841
1262 0.550686459243
1263 0.689758494728
1264 1.79896769002
1265 1.35485844976
1266 1.2095918072
1267 1.31446335988
1268 0.842349017755
1269 0.516380512516
1270 0.930951925678
1271 0.995993518919
1272 1.84238491202
1273 1.73253857351
1274 0.908857867761
1275 1.40055263685
1276 1.18021702104
1277 0.531913083669
1278 0.82442111704
1279 1.28212334109
1280 0.65273427447
1281 0.934634885784
1282 1.30740379376
1283 1.77932323483
1284 1.7414465919
1285 0.693362461376
1286 1.42243643299
1287 1.35651540059
1288 1.43601414
1289 1.8987534983
1290 1.08410416138
1291 1.34606896589
1292 1.93567631264
1293 1.46675377515
1294 1.73961887212
1295 0.54748370805
1296 1.83719621299
1297 1.78313191431
1298 0.964385488798
1299 1.7780691291
1300 0.536005694941
1301 0.579142997633
1302 1.88574234142
1303 1.26611315347
1304 0.54111405802
1305 0.986636021408
1306 0.548190566449
1307 0.575754241859
1308 1.41580079123
1309 0.538424127756
1310 0.501911679791
1311 0.944121364881
1312 1.94736465375
1313 1.15008205909
1314 0.874743779991
1315 1.91167900048
1316 0.538652914391
1317 1.89057260887
1318 1.81880943344
1319 0.90655360545
1320 1.87198867406
1321 1.13099723596
1322 1.8144579598
1323 1.21387096667
1324 1.46286931667
1325 1.98366333497
1326 1.43881115432
1327 1.88188059857
1328 0.997349029866
1329 1.81979330073
1330 0.701600366315
1331 1.89740100186
1332 0.617695684234
1333 1.24834518758
1334 1.75400896565
1335 1.34445393934
1336 1.08584172746
1337 0.785492462356
1338 1.32483966553
1339 0.640895470958
1340 0.956398638362
1341 1.95100088572
1342 0.943428807753
1343 1.77887034469
1344 1.58651105368
1345 1.57128671818
1346 0.701509179421
1347 1.97793559147
1348 1.17107280571
1349 0.832222303589
1350 1.89075400907
1351 1.49854032545
1352 1.28939029146
1353 1.98372942342
1354 1.52934886019
1355 1.60158700109
1356 0.917463262198
1357 1.0016142744
1358 0.920500605283
1359 1.66337703918
1360 1.42311790156
1361 1.68750886916
1362 0.521348508333
1363 0.946260619534
1364 1.99812496991
1365 1.78800760317
1366 1.89653412268
1367 0.693332970097
1368 1.77165890516
1369 1.4840682047
1370 1.54792167818
1371 1.17502700297
1372 1.52545831846
1373 1.08581879825
1374 1.32899363908
1375 0.551926102733
1376 1.67075576797
1377 1.39026936712
1378 0.656428717673
1379 0.984572298732
1380 0.568852963573
1381 1.0380720724
1382 1.03731336065
1383 0.651742057984
1384 0.932416142791
1385 1.69456705169
1386 0.970526564917
1387 0.914378829218
1388 1.79458618513
1389 0.847591041936
1390 1.95143844104
1391 1.09371099391
1392 0.929785384239
1393 1.54058807322
1394 1.37605824604
1395 0.898806765852
1396 0.511359248326
1397 0.661862666079
1398 1.02730434238
1399 1.47958119864
1400 0.983520630399
1401 0.597048153028
1402 1.40002046945
1403 1.48787339886
1404 0.865861524828
1405 1.78962238055
1406 0.951250352618
1407 1.1054322604
1408 1.73971505908
1409 0.555190861332
1410 0.704823444097
1411 0.520010007632
1412 1.31717914754
1413 1.55375159364
1414 0.720933137068
1415 1.66667893238
1416 0.65751664752
1417 1.60600513352
1418 0.749239400182
1419 1.2055618929
1420 1.77640993118
1421 1.55857444871
1422 0.797908935237
1423 0.524041272446
1424 1.52122800174
1425 1.69564793458
1426 1.04564413158
1427 1.07691131604
1428 0.643127093243
1429 0.561986530243
1430 0.58386873832
1431 0.660610130182
1432 1.25556989565
1433 0.929244021692
1434 1.19624697773
1435 1.54152794583
1436 0.543550268111
1437 1.76899428871
1438 1.9693397099
1439 1.31217947364
1440 1.81417304024
1441 1.85183955509
1442 1.52717597721
1443 0.702068557545
1444 1.65179730152
1445 1.48875503866
1446 1.08548052533
1447 1.93414729238
1448 1.87136861034
1449 1.01307530087
1450 1.71047930355
1451 1.88941519972
1452 0.695064349348
1453 1.18414311573
1454 0.968083845683
1455 0.613365558905
1456 0.754666394814
1457 1.52726130379
1458 1.83730569456
1459 1.77647891971
1460 1.06664459246
1461 1.09471352193
1462 0.918737036876
1463 1.5252781496
1464 1.42893426721
1465 1.90711550785
1466 1.80392976521
1467 1.01087792566
1468 1.6541156941
1469 0.841132705227
1470 1.46795160105
1471 1.8452470615
1472 1.24813547474
1473 0.9698564445
1474 1.1000769791
1475 1.51342210489
1476 1.7984197194
1477 1.78193417701
1478 1.62974731573
1479 1.23887306258
1480 1.82995739649
1481 1.25302198168
1482 0.605637256817
1483 0.748587193647
1484 1.32684280235
1485 1.25332794274
1486 1.50892686777
1487 0.575453049669
1488 0.611541910576
1489 1.98521554688
1490 0.704191271858
1491 1.52105683709
1492 0.649511091488
1493 0.878227354206
1494 1.23101844266
1495 1.38553288851
1496 0.816033679678
1497 1.7982951499
1498 1.8976959975
1499 1.8564740693
1500 0.612913769214
1501 1.74726595891
1502 1.2674138036
1503 1.55768193666
1504 0.992560764958
1505 1.05290635277
1506 1.86506429293
1507 0.967276535657
1508 1.57410923353
1509 0.608865345025
1510 1.92548257807
1511 1.39583326194
1512 1.67310477322
1513 1.44803494274
1514 1.7937120277
1515 0.607864897582
1516 1.22249067347
1517 0.737619492975
1518 0.772015537353
1519 1.23189711298
1520 0.763655349827
1521 0.920186170235
1522 1.77423567677
1523 1.21336735057
1524 0.75756394695
1525 1.127866638
1526 1.15353012383
1527 1.93657782361
1528 1.56942295864
1529 1.11249389426
1530 0.57736697534
1531 1.87972586417
1532 0.865589182582
1533 1.2703054517
1534 1.42842921652
1535 1.20494965239
1536 0.831898870026
1537 1.56576591379
1538 1.46803978919
1539 1.83782902446
1540 1.42510350641
1541 1.99983771035
1542 0.995464285272
1543 1.62255602103
1544 1.32862012948
1545 1.25602276107
1546 1.02645024215
1547 0.640016162392
1548 0.601396461209
1549 1.63951859706
1550 1.64513105106
1551 0.991641683711
1552 0.578482503257
1553 0.896299836443
1554 1.41644958503
1555 0.921298947343
1556 0.828874222003
1557 0.600656050093
1558 1.4557080934
1559 1.95984788576
1560 1.00958129656
1561 0.908268853127
1562 1.31331309188
1563 0.975819654374
1564 0.662010500246
1565 0.633612149072
1566 1.47238062999
1567 0.887979274491
1568 1.82453015161
1569 1.21739103262
1570 1.5008957817
1571 1.04593899668
1572 0.603252371429
1573 1.09571799256
1574 1.37868051932
1575 0.931494439998
1576 0.997840164998
1577 1.0191858916
1578 1.91800652201
1579 0.647367171085
1580 0.831748664225
1581 1.94372470529
1582 1.97696890685
1583 1.53294544243
1584 1.6585930945
1585 1.70756049385
1586 1.62531612374
1587 1.58189161627
1588 0.530775428738
1589 1.33015802031
1590 1.841190731
1591 0.686940051022
1592 0.879536389724
1593 1.63567310333
1594 0.527989582962
1595 0.587593826523
1596 1.63374127345
1597 1.41545786626
1598 0.983019925114
1599 1.37537375242
1600 0.800967491376
1601 0.92400662869
1602 1.314860769
1603 1.43825427344
1604 1.0324568089
1605 1.54699207498
1606 1.09940541314
1607 1.96047656401
1608 1.61054271612
1609 1.09913600991
1610 1.41115067127
1611 1.29047675796
1612 0.613115275745
1613 1.78290806558
1614 1.64426941694
1615 1.12983768473
1616 1.05998160289
1617 1.12158796391
1618 1.93584207609
1619 0.881779545294
1620 0.865101654335
1621 0.834616843842
1622 1.26953757716
1623 1.43212731312
1624 1.21702559732
1625 1.31450998854
1626 0.945750010406
1627 1.51030682643
1628 0.976289538451
1629 1.69884809268
1630 1.44049298131
1631 0.612193490067
1632 1.93885104962
1633 1.15333665521
1634 1.10717038394
1635 1.0622494152
1636 1.14468418078
1637 0.81372358023
1638 0.813304874025
1639 1.74589055929
1640 1.93964557013
1641 0.83209158626
1642 1.74529491054
1643 1.22007605427
1644 1.44989285033
1645 0.54929121285
1646 1.96654732404
1647 1.4080249349
1648 0.98501340761
1649 0.588654275194
1650 0.840796249422
1651 0.857051060742
1652 1.88570344805
1653 0.818483003555
1654 1.82414181232
1655 1.80298528489
1656 0.68349743599
1657 0.883283428218
1658 1.48123656642
1659 1.50882420398
1660 1.64014365978
1661 0.823770453323
1662 1.43061267729
1663 0.894051286591
1664 1.42807414392
1665 1.60817671325
1666 0.984535314763
1667 1.37262999829
1668 1.38996018068
1669 0.671167957764
1670 1.86355865665
1671 0.542467151056
1672 1.26371419616
1673 1.46277188069
1674 1.90852699484
1675 1.34884716129
1676 1.61116072341
1677 0.82848044571
1678 1.17134350189
1679 1.66332310032
1680 1.93638054915
1681 0.71440251846
1682 1.46895870909
1683 0.804983169378
1684 1.7883277259
1685 1.72355559748
1686 0.986971379545
1687 1.4938101969
1688 1.22845714024
1689 0.767198623891
1690 1.00676321758
1691 0.573184971124
1692 1.1505654322
1693 1.89999290434
1694 1.92152422383
1695 0.663134266694
1696 1.28142057852
1697 1.19308856315
1698 1.33362394483
1699 1.22341207035
1700 0.90972406828
1701 1.43974230828
1702 1.81632202686
1703 1.81476163434
1704 0.914643478832
1705 1.01586897318
1706 1.53601067015
1707 1.4559471485
1708 1.76232880069
1709 1.13129800195
1710 1.0234437316
1711 0.880192901163
1712 1.02383880413
1713 1.37042311799
1714 0.735121273125
1715 1.66233921596
1716 1.7535537856
1717 1.08198784053
1718 0.811392838007
1719 0.713411270401
1720 1.33113836378
1721 1.33625059462
1722 1.27677878903
1723 0.814314145319
1724 1.15134176817
1725 1.09530700603
1726 1.83389156902
1727 1.63681671165
1728 1.41043767014
1729 0.949312905159
1730 0.608647616251
1731 1.95458750341
1732 1.32351206773
1733 1.18481325658
1734 0.973359117818
1735 1.94394617304
1736 0.638628281267
1737 1.76390220938
1738 0.631798157057
1739 0.533272829913
1740 1.21032017661
1741 1.29153213629
1742 1.23414092212
1743 1.19706866804
1744 0.780095762598
1745 1.97028143569
1746 1.49288032662
1747 1.97950220613
1748 0.721959852763
1749 0.810927494823
1750 0.614030170202
1751 0.836410215567
1752 1.53955830034
1753 0.734621440204
1754 0.678916601408
1755 1.99026329515
1756 1.8118383907
1757 1.76193018148
1758 1.19024128971
1759 1.05261803648
1760 0.741268818625
1761 0.628586533441
1762 0.649117921754
1763 0.746113370253
1764 1.00757713689
1765 0.980463269656
1766 0.664854922333
1767 1.64368408256
1768 0.938004768326
1769 1.44557485514
1770 1.53583669675
1771 1.95771218243
1772 1.59805756786
1773 1.56842702761
1774 0.924207568619
1775 1.72918925557
1776 0.844768936367
1777 0.514717135865
1778 0.963379666606
1779 1.8428444816
1780 0.601492488159
1781 1.46439816623
1782 0.503129447164
1783 1.12084389502
1784 1.14664901784
1785 1.65884182127
1786 1.72382652457
1787 1.02113174306
1788 1.55834495385
1789 1.46081734434
1790 0.692219348882
1791 1.38210078556
1792 1.48147870576
1793 1.54636447508
1794 1.83278572828
1795 1.94996975093
1796 1.48906319027
1797 1.59655585598
1798 0.885084487066
1799 1.4959029605
1800 0.835687879968
1801 1.16340158585
1802 1.74898430775
1803 1.94061061131
1804 1.98368948709
1805 0.753756276778
1806 0.676535974671
1807 1.34167484219
1808 0.622204797163
1809 1.07540811139
1810 1.12708725027
1811 1.6171978203
1812 1.38171857973
1813 1.23909102421
1814 1.12141015025
1815 1.11003594247
1816 0.985439516367
1817 0.940029158917
1818 1.47902092766
1819 1.45214734258
1820 0.976273290973
1821 1.60023782583
1822 0.701415105671
1823 0.664519427069
1824 1.20965048748
1825 1.2920211126
1826 1.28201854205
1827 1.31787641934
1828 0.760083117372
1829 1.81809987199
1830 1.80348302785
1831 0.955869502976
1832 1.19704261146
1833 1.36958967964
1834 1.01830887152
1835 1.53176501853
1836 1.90646423791
1837 0.97176959752
1838 1.54782601385
1839 1.6095589862
1840 0.679661859941
1841 1.19680427507
1842 0.701706533843
1843 1.82464836423
1844 1.60945836007
1845 1.10800166677
1846 1.98336221959
1847 1.17865109074
1848 0.869155822588
1849 1.63176394655
1850 1.15199408157
1851 0.660783971567
1852 1.47869626471
1853 1.04612271413
1854 0.631925293644
1855 1.96701297819
1856 0.885509885753
1857 1.98672560721
1858 1.53450358903
1859 1.21014469277
1860 1.55368389303
1861 1.41107241282
1862 1.05006344368
1863 0.611436187793
1864 0.986488102704
1865 0.660852091759
1866 1.90888056148
1867 1.35138089804
1868 1.51093324922
1869 1.14399248775
1870 0.86919480169
1871 0.772223790255
1872 0.744133014047
1873 1.35019177419
1874 0.987620991501
1875 0.96372721186
1876 1.38361353603
1877 0.831751346027
1878 0.57250762304
1879 0.858427363511
1880 0.8238476706
1881 0.800319519871
1882 1.40000799919
1883 1.18183669801
1884 0.58094267081
1885 1.07027497885
1886 1.34449007482
1887 1.78868713926
1888 1.51127533543
1889 1.19200784605
1890 0.745745635911
1891 1.60655745794
1892 0.815568897522
1893 1.41661964962
1894 1.58370531039
1895 0.729074720009
1896 0.702267487222
1897 1.928436432
1898 1.31084076553
1899 1.22214673715
1900 1.79937335871
1901 0.667103658922
1902 1.05684223611
1903 0.759521209234
1904 1.56492791553
1905 1.02746385921
1906 0.579689101814
1907 0.735706874296
1908 1.22432309384
1909 1.26462246282
1910 0.877313198843
1911 0.526391696457
1912 1.93848127415
1913 1.20361642737
1914 1.18287636137
1915 1.07491483677
1916 1.86102642352
1917 0.976735246793
1918 1.08173062892
1919 1.31500569687
1920 0.837115915073
1921 1.7011853262
1922 0.546309940025
1923 0.777889216661
1924 1.33460642942
1925 0.825234802036
1926 1.57884657656
1927 0.593528384041
1928 0.847056347279
1929 0.683529815753
1930 1.9256588043
1931 1.73874428157
1932 1.51456421207
1933 1.19302979008
1934 1.80147989164
1935 1.37271818411
1936 1.89927580199
1937 1.06039762105
1938 0.71238466213
1939 1.63594312096
1940 0.508662241707
1941 1.06244566743
1942 0.788223953284
1943 1.06990305066
1944 0.905208976185
1945 0.64374610291
1946 1.61063566729
1947 1.69391034476
1948 0.552360997166
1949 1.03245536671
1950 0.757402510719
1951 1.1815580034
1952 0.78582125499
1953 0.611264766663
1954 1.35752581436
1955 0.756646616663
1956 1.48166513729
1957 1.19896953102
1958 0.717036985222
1959 1.59708631279
1960 1.05515699134
1961 1.25830009315
1962 1.69423789327
1963 0.987863012421
1964 1.82890987022
1965 1.08223490218
1966 0.784324593683
1967 0.872156793837
1968 1.23307786734
1969 1.15944547994
1970 1.17261706325
1971 1.44205528915
1972 1.80278613258
1973 1.64472159822
1974 1.7895116696
1975 1.75418096947
1976 1.54243921076
1977 0.898465234121
1978 1.01610334484
1979 1.41550899031
1980 0.699755133569
1981 1.66214044107
1982 1.34531608516
1983 0.875460600517
1984 1.09603561281
1985 1.51497893407
1986 1.92977256884
1987 1.8123404415
1988 0.568451833323
1989 1.41848567382
1990 1.06708095983
1991 1.35044878045
1992 1.1071920687
1993 1.46315104582
1994 1.59623579533
1995 1.66830168701
1996 0.501192995371
1997 0.903738382245
1998 1.92808647703
1999 1.74064967978
2000 1.30963797744
2001 0.768865862506
2002 1.93441478158
2003 0.541358245952
2004 1.54818782675
2005 1.11427047651
2006 1.3390454053
2007 1.26290956961
2008 1.42761222032
2009 1.03672804152
2010 1.6528701023
2011 0.723482340641
2012 0.628613904194
2013 0.889710577307
2014 1.46891579906
2015 0.70054273857
2016 1.03089766203
2017 0.759686123948
2018 1.89586089948
2019 0.79622071678
2020 1.31898939699
2021 1.81822345883
2022 1.30249106352
2023 1.92305062647
2024 1.58274527594
2025 1.9811832703
2026 0.819210045117
2027 1.11065216655
2028 0.980193342892
2029 0.995406117054
2030 0.663254667431
2031 0.542742961225
2032 0.600765656174
2033 1.81910756054
2034 1.18971665646
2035 1.1228198099
2036 1.45898885445
2037 1.4641440529
2038 1.73921150332
2039 0.85836524021
2040 1.2618929858
2041 0.850035570102
2042 1.24067069099
2043 1.72955922536
2044 1.40765097933
2045 1.39701529251
2046 1.25708130742
2047 0.575649289557
2048 1.15676580665
2049 1.86908940776
2050 1.18987967976
2051 1.82884022027
2052 1.08545911779
2053 1.69834409579
2054 1.89664447858
2055 0.950073093512
2056 1.41210670012
2057 1.11545744503
2058 1.13206683561
2059 1.15741669879
2060 1.40219954015
2061 0.573433147437
2062 0.659147869831
2063 0.581548493015
2064 0.675107883915
2065 1.97486826983
2066 0.963045141027
2067 1.91428574069
2068 1.69908701496
2069 0.644497974594
2070 0.507525323725
2071 0.590914293717
2072 1.19375993924
2073 1.55232911711
2074 1.99120025884
2075 1.27274751617
2076 1.34643125511
2077 1.82466758798
2078 1.61160916897
2079 1.15838425968
2080 1.08853008244
2081 0.696851727813
2082 0.892010300359
2083 1.69474239365
2084 1.65553971261
2085 0.64479408769
2086 1.57194177769
2087 1.70851508883
2088 1.03333681116
2089 1.71157896305
2090 1.63025705353
2091 1.68571374374
2092 1.75816585563
2093 1.81145678688
2094 0.898436122908
2095 1.38581164345
2096 1.14853076867
2097 0.616538260112
2098 1.16338454274
2099 1.597208647
2100 0.955129294041
2101 1.42316170301
2102 1.90728849381
2103 0.957257989415
2104 0.989553975129
2105 1.36589059594
2106 1.1266619592
2107 1.08451450198
2108 1.06259009625
2109 1.48739322898
2110 1.74430455012
2111 0.627707816588
2112 0.612923040636
2113 1.60893842681
2114 1.78504464259
2115 0.944516960182
2116 0.641626640685
2117 1.27240389389
2118 1.89052278323
2119 0.635809258083
2120 1.21429629021
2121 1.65572774262
2122 1.68420683063
2123 1.49442998849
2124 0.684983678131
2125 1.5436850368
2126 0.707887023579
2127 1.30369939305
2128 1.25701616635
2129 1.55109467869
2130 1.04946167757
2131 0.53379960789
2132 1.65707807804
2133 1.8540098891
2134 1.68273447351
2135 0.987135081977
2136 0.536224097569
2137 1.47001198884
2138 1.52666328237
2139 1.97592662015
2140 1.79143063935
2141 1.80673231512
2142 0.512494494818
2143 0.724185471273
2144 1.22757953964
2145 1.380383705
2146 0.566771067627
2147 1.63818740012
2148 1.77942482928
2149 1.08580769289
2150 1.12474282285
2151 1.37291903238
2152 1.95338885904
2153 1.81425722071
2154 1.43480955291
2155 1.13429772877
2156 1.93140770817
2157 1.20355846233
2158 1.9170975926
2159 0.861620347044
2160 1.34739672
2161 1.96135465842
2162 1.58148614094
2163 1.58269312064
2164 1.47219217338
2165 1.50154337081
2166 1.51645853804
2167 1.43339702224
2168 1.91379233945
2169 1.94692704192
2170 0.676421592971
2171 1.76351181434
2172 1.5509557579
2173 0.851057078888
2174 0.715315278445
2175 0.527701026584
2176 1.15718056994
2177 1.62538189155
2178 1.63886904089
2179 0.984755755432
2180 1.9170813314
2181 0.664028206587
2182 0.663798445775
2183 1.81643565841
2184 1.50329165177
2185 1.44288570174
2186 1.1880502817
2187 1.49073269124
2188 1.26207501158
2189 1.11045749796
2190 0.690676528293
2191 0.789155603436
2192 1.52889973059
2193 0.69257988397
2194 1.66942444454
2195 0.974815172246
2196 1.03791897776
2197 1.20039235829
2198 1.2758485323
2199 1.70325448185
2200 0.748331005559
2201 0.723137913734
2202 1.09782262722
2203 1.14747689989
2204 1.9826361911
2205 0.664281665128
2206 1.14111187239
2207 1.81128674484
2208 1.27529483047
2209 1.30712452924
2210 1.39624006374
2211 1.29145919908
2212 1.33988856753
2213 0.969474813061
2214 0.852181011589
2215 0.596655728667
2216 1.08636475536
2217 0.73225226348
2218 0.600538181097
2219 1.64289173571
2220 0.570711107927
2221 1.87388130011
2222 0.948240522721
2223 1.89660199174
2224 0.683633130213
2225 0.900310561825
2226 0.60214683643
2227 1.82921411144
2228 1.17046547925
2229 1.63871207319
2230 1.8879533803
2231 1.96352912793
2232 0.670060055052
2233 0.666012795863
2234 1.93977795886
2235 1.3307646665
2236 1.58089773031
2237 0.575809945514
2238 0.958080011658
2239 1.02471319675
2240 1.06392633655
2241 1.96682701603
2242 1.16478827952
2243 1.64173317489
2244 0.997844478911
2245 1.85736558482
2246 0.823170850087
2247 1.1319222845
2248 1.68744074574
2249 1.61105684672
2250 1.77714289696
2251 0.719438271477
2252 1.81589223732
2253 1.27216029289
2254 1.20727666401
2255 1.60270708434
2256 0.678024078479
2257 1.80228585289
2258 0.919980518138
2259 0.770009695554
2260 1.87420225093
2261 0.845437166767
2262 1.16791206316
2263 1.38592264332
2264 1.04216921081
2265 0.628110236703
2266 1.58466835769
2267 1.66934130615
2268 1.13409728207
2269 0.898521102455
2270 0.616904510319
2271 0.661372785017
2272 1.92783331121
2273 1.91603609711
2274 0.610642043367
2275 0.898043922811
2276 0.514113656323
2277 0.928974731521
2278 0.699512287717
2279 1.86060865616
2280 0.547164343287
2281 1.53846916686
2282 0.935021679765
2283 1.94871682177
2284 1.37162681351
2285 1.39110769945
2286 1.89464218431
2287 1.13634874819
2288 0.789574923637
2289 1.21339478432
2290 0.874503050926
2291 1.6743030702
2292 0.899533043182
2293 1.98152416812
2294 0.90273383098
2295 0.546623471656
2296 0.849236881745
2297 1.32479221799
2298 0.575759563536
2299 1.04230703127
2300 0.975426903795
2301 1.09458779216
2302 1.38924867188
2303 1.58665393366
2304 1.73001837454
2305 0.738101976316
2306 0.927667335203
2307 1.67489859745
2308 1.47402452213
2309 1.56287115896
2310 1.59180748622
2311 0.848611642995
2312 1.72581265326
2313 1.51368178629
2314 1.61109872805
2315 1.42043276025
2316 1.043188089
2317 1.92654349463
2318 1.01681980006
2319 1.32553569639
2320 1.42438036422
2321 1.26669051315
2322 0.6633436719
2323 0.952988952528
2324 1.02842565683
2325 1.78357445625
2326 0.919952851507
2327 1.49937435909
2328 1.38327739686
2329 1.61784004523
2330 1.66241405786
2331 1.15631566435
2332 1.91474588382
2333 1.3900264529
2334 1.45664822987
2335 1.91877501638
2336 1.49637623678
2337 1.39906555685
2338 1.48862827405
2339 1.65145668161
2340 1.03807598771
2341 0.808249967231
2342 1.6982726858
2343 1.87696708588
2344 1.60973443326
2345 1.42138056634
2346 1.6901920317
2347 1.87155265337
2348 1.97111790197
2349 0.92557329925
2350 1.86952252762
2351 1.25833214303
2352 0.824241362678
2353 1.06595310149
2354 1.67144813247
2355 0.841660394723
2356 1.08361134285
2357 0.805866717345
2358 1.16632270598
2359 0.632272426037
2360 1.63598490612
2361 0.804917186828
2362 0.704372235428
2363 1.13428021944
2364 0.841931179659
2365 1.10615123272
2366 0.568504557017
2367 0.832191217105
2368 1.15848177864
2369 1.76403203917
2370 1.96192453222
2371 0.870447124119
2372 1.67800205802
2373 1.72285652956
2374 1.95413428362
2375 1.76719963646
2376 0.521364309864
2377 0.939883438969
2378 1.25594007286
2379 1.16429253162
2380 0.555360863482
2381 0.773596623438
2382 0.549809256991
2383 0.676125051307
2384 1.32371364115
2385 1.65484603005
2386 0.717381347483
2387 0.827168220815
2388 1.18083329577
2389 1.75326335089
2390 1.02820683479
2391 1.11285328305
2392 1.76607506484
2393 1.76192292874
2394 0.993761140645
2395 0.638264231189
2396 0.984177655645
2397 0.847013655713
2398 0.588326381121
2399 0.717822329686
2400 1.04146909542
2401 0.5948888537
2402 1.67827903556
2403 1.02845257749
2404 0.700690283725
2405 1.77477636877
2406 0.511778451291
2407 0.509034744028
2408 0.555497709689
2409 1.98165391592
2410 1.97563791356
2411 1.92278316988
2412 0.756572767173
2413 0.993420979359
2414 1.15089625415
2415 1.89403503106
2416 1.92776871108
2417 1.99204015781
2418 0.570214311912
2419 1.44110410001
2420 1.23901347417
2421 0.71162902149
2422 1.6890516511
2423 0.931357526309
2424 1.10852885481
2425 1.09504755846
2426 1.86309162596
2427 1.21246769572
2428 1.78228283521
2429 1.4830045203
2430 0.730607858398
2431 1.53847816929
2432 1.17900523602
2433 0.995967853671
2434 1.04385843917
2435 0.572686428087
2436 0.839997917499
2437 1.11627173122
2438 0.85355729378
2439 1.29274460164
2440 1.84393864892
2441 1.94324256255
2442 0.73650362835
2443 1.6142590469
2444 1.06829349893
2445 1.88722662569
2446 1.75346608532
2447 1.54199304982
2448 1.26334891769
2449 0.946023547742
2450 1.34135373609
2451 1.92506896765
2452 0.586368191125
2453 1.27225596425
2454 1.47756200833
2455 0.789268347923
2456 1.38618324895
2457 0.828450689253
2458 1.10372426931
2459 0.842551537923
2460 0.755324189403
2461 1.51805195039
2462 0.579778050814
2463 1.28471247551
2464 0.706951656497
2465 1.83009709704
2466 1.1288982489
2467 1.47570858923
2468 0.782472002048
2469 1.29480137176
2470 1.62057536129
2471 1.53429324709
2472 1.56819930518
2473 0.672201564868
2474 1.59992089847
2475 0.993150361607
2476 1.36207318048
2477 1.72328431897
2478 0.581689682948
2479 0.732155207492
2480 1.63583699047
2481 1.33074079085
2482 0.630824992904
2483 1.67448588873
2484 1.43052302593
2485 0.860758824943
2486 0.847061389548
2487 1.92279630492
2488 1.71116060218
2489 1.30760981108
2490 1.24070706149
2491 1.09400896901
2492 0.647078710411
2493 1.67440186141
2494 0.925967836155
2495 0.967294437152
2496 1.40084623952
2497 1.38975143983
2498 0.772529934123
2499 0.644131311316
2500 0.618376041208
2501 0.687528491055
2502 1.38230062902
2503 1.11851177172
2504 1.17601715093
2505 0.738716738601
2506 1.43186065356
2507 1.02904266173
2508 1.1517800772
2509 0.798140913558
2510 1.82763192229
2511 1.14117905849
2512 1.69996103846
2513 1.12523729832
2514 1.68657810089
2515 1.69625838494
2516 0.723373753357
2517 1.67461256552
2518 1.12374655291
2519 1.38914665366
2520 1.2478064944
2521 1.2297486726
2522 1.80998717798
2523 1.16731415265
2524 1.94638605558
2525 1.82389240709
2526 1.6377679512
2527 1.93521167064
2528 0.978223306559
2529 1.21974892743
2530 1.10097121667
2531 1.47688595364
2532 0.994078790487
2533 1.26193528934
2534 1.55450619074
2535 0.795369383714
2536 0.905399882806
2537 1.52991697544
2538 1.88154641036
2539 1.33339315575
2540 0.992151471345
2541 1.9429958269
2542 1.9046080042
2543 1.50283923401
2544 1.28190736906
2545 0.90152713359
2546 1.68332983045
2547 1.53337158967
2548 0.567988489488
2549 0.595521652207
2550 1.60892836519
2551 0.896458105546
2552 1.97504188071
2553 0.765454645437
2554 0.618446903654
2555 0.602749210593
2556 1.56220902695
2557 1.61369506284
2558 0.550519107376
2559 1.83330339942
2560 1.10877770477
2561 0.911292197853
2562 0.978517609962
2563 1.02023541344
2564 1.77423964994
2565 1.76182543701
2566 1.17886434358
2567 0.742978083188
2568 0.593114846372
2569 0.680734737749
2570 1.51330474961
2571 1.1824711932
2572 0.89495360199
2573 1.90460877633
2574 0.930826213669
2575 1.01186785879
2576 0.805992997272
2577 1.10500036349
2578 1.45636203427
2579 1.91156821182
2580 0.619009469114
2581 1.84959210792
2582 1.38843332015
2583 0.726898555497
2584 1.44739373884
2585 0.855425824723
2586 0.736035746701
2587 1.19240485762
2588 1.43460901247
2589 0.802438086513
2590 1.13114829788
2591 0.57573960607
2592 1.33177743752
2593 1.12796808651
2594 0.95641783395
2595 1.09212770444
2596 0.806012297006
2597 1.53618997372
2598 0.875224874116
2599 1.08539208518
2600 1.93388533962
2601 1.23396952503
2602 0.711514378988
2603 1.15513755397
2604 1.7254456023
2605 1.74008292535
2606 1.25920832566
2607 1.7936160875
2608 0.667261896054
2609 1.99034428215
2610 1.05452942069
2611 0.586204507327
2612 1.8946618564
2613 0.963492220245
2614 1.31171207569
2615 1.49955789933
2616 0.775428479184
2617 0.888199452212
2618 1.94176494022
2619 1.93511061209
2620 1.69274108409
2621 1.0652827508
2622 1.18597008263
2623 1.23302163068
2624 1.93304145597
2625 0.758744512879
2626 1.38867528908
2627 1.46989998926
2628 0.816709145534
2629 1.17839208589
2630 1.03531284397
2631 1.56277490428
2632 1.95207350783
2633 1.69648567338
2634 1.86965227431
2635 1.79309772778
2636 1.54104210341
2637 1.8183460649
2638 0.738766291425
2639 0.687009070206
2640 0.960609848766
2641 1.6749335934
2642 1.31777433238
2643 0.935460537866
2644 1.2525615091
2645 0.530953942972
2646 1.32908413755
2647 0.753037071308
2648 1.85432681745
2649 1.14219309531
2650 0.632331035611
2651 1.43112214748
2652 0.921473937488
2653 0.907933695153
2654 1.71783009093
2655 1.03527714367
2656 0.602409998817
2657 1.76699864252
2658 1.54531073175
2659 1.40821369488
2660 1.51956763637
2661 1.40742666943
2662 1.02581883966
2663 1.53389687019
2664 1.08820583665
2665 1.7890931431
2666 0.839623526775
2667 1.85778387041
2668 0.548598573321
2669 1.78001503078
2670 1.07999905043
2671 0.717555538915
2672 1.06087439438
2673 0.739087287465
2674 0.794790942882
2675 0.902828859529
2676 1.97768355071
2677 1.08282299249
2678 1.44960336171
2679 1.322291061
2680 0.529879165446
2681 0.760501810621
2682 1.12221511324
2683 0.994916019081
2684 1.66943248909
2685 1.96996831274
2686 1.46991073747
2687 1.08187853206
2688 1.76568597113
2689 0.760522479382
2690 0.955725258428
2691 1.8970327362
2692 1.53958321721
2693 1.0771614237
2694 1.60706356757
2695 1.33841012823
2696 0.915688722454
2697 0.939651027195
2698 1.39405855538
2699 0.987320922521
2700 1.81245078581
2701 1.5812031755
2702 0.578394318447
2703 1.9205679502
2704 1.87118991878
2705 1.81865061693
2706 0.962244076517
2707 1.90349113169
2708 1.39655979577
2709 0.746796278742
2710 0.660340173007
2711 1.44696062321
2712 0.943709346428
2713 1.19757204193
2714 1.1526084082
2715 1.84847428713
2716 1.96831752761
2717 1.81590411772
2718 1.71904004387
2719 1.41514200255
2720 0.925632944338
2721 0.584318839674
2722 1.58470479308
2723 0.81793661024
2724 1.01160823135
2725 1.85525316799
2726 1.77219208836
2727 1.05772859885
2728 0.968789968235
2729 1.18422349356
2730 0.979216785617
2731 1.64638712569
2732 1.64373875481
2733 1.20494302133
2734 1.24561932023
2735 1.49605105083
2736 1.47247591429
2737 1.04961234711
2738 0.947556440155
2739 1.34249638812
2740 0.70085906606
2741 1.5927109593
2742 0.929297700013
2743 0.577472514146
2744 1.02365574779
2745 0.607157375098
2746 1.41083905134
2747 1.97745561264
2748 1.48317557349
2749 1.49338205628
2750 0.99977429811
2751 1.6320938786
2752 1.24045051043
2753 1.31940503314
2754 1.19624379368
2755 0.850407435053
2756 0.800057725425
2757 1.24056097494
2758 0.83287306612
2759 1.46352234119
2760 0.96222761312
2761 1.56643781064
2762 1.40384350299
2763 1.96583570599
2764 1.01596136112
2765 1.46159074567
2766 0.887262966347
2767 1.11194983037
2768 1.63772142779
2769 0.942845483349
2770 1.00829622798
2771 0.678741162891
2772 1.93168005198
2773 1.30805481077
2774 0.904927310299
2775 1.90367984241
2776 1.18114311836
2777 1.3720801345
2778 0.597204670132
2779 1.78771268649
2780 1.28173836338
2781 0.830160944586
2782 0.742463337396
2783 0.508986714426
2784 1.19779455762
2785 1.22656458819
2786 1.26359148568
2787 1.39463408918
2788 1.18708916076
2789 0.808108795081
2790 0.927324810602
2791 1.97446984901
2792 1.04631848107
2793 1.09020606128
2794 1.46779255132
2795 0.505997600772
2796 1.04354317306
2797 0.618975623541
2798 0.848166200177
2799 1.90883912377
2800 1.66976171905
2801 1.47693900976
2802 1.51826453575
2803 1.11276993751
2804 0.544767062865
2805 0.50580529177
2806 1.71077166259
2807 0.69624332103
2808 1.48489662652
2809 1.38108577877
2810 1.96304157777
2811 1.497638268
2812 0.694929284708
2813 1.30785109283
2814 0.701968482833
2815 0.987114822042
2816 1.75552425179
2817 0.599652395836
2818 1.37661770532
2819 1.55253319255
2820 1.00936356337
2821 0.708545229204
2822 1.03450845191
2823 1.22336639769
2824 1.67912752424
2825 1.86044400551
2826 0.822708674314
2827 0.618195135983
2828 1.7434182006
2829 1.03307228285
2830 1.74708280921
2831 1.3206797096
2832 0.673356540183
2833 0.612586790059
2834 1.19252309418
2835 1.78043259966
2836 0.961973453249
2837 1.2830558527
2838 0.601090321154
2839 0.896524034185
2840 1.14402464657
2841 1.74214927756
2842 1.25470699176
2843 0.655409469742
2844 1.55882781353
2845 1.02853370194
2846 0.791957451971
2847 1.04419134638
2848 1.26815295893
2849 1.26804690241
2850 1.35759263257
2851 1.61157639813
2852 1.14268715746
2853 0.793587157336
2854 1.00722782689
2855 1.67065775735
2856 1.20040000356
2857 0.930733730628
2858 1.30826144026
2859 0.611572396927
2860 1.27200234269
2861 0.763300733876
2862 1.23002870687
2863 1.02968125063
2864 1.88790145448
2865 0.965874326303
2866 0.804481855988
2867 1.71130284109
2868 1.11227114242
2869 1.26801259452
2870 1.17203729249
2871 0.608704278168
2872 0.707827218096
2873 0.77216567521
2874 1.07379034264
2875 1.90917304774
2876 1.90922841452
2877 1.07506300103
2878 1.78238143595
2879 1.60570264477
2880 1.60033185351
2881 1.40516055524
2882 0.568863443263
2883 1.98889010869
2884 0.93454736389
2885 1.26742831448
2886 1.09146447652
2887 0.626447394222
2888 1.08240047143
2889 0.717364536828
2890 0.663560524328
2891 1.01409908173
2892 1.01928934985
2893 0.640024531862
2894 1.95611493833
2895 0.632905215385
2896 1.62624329342
2897 1.13751297422
2898 0.930395915913
2899 1.1089027796
2900 1.20300870694
2901 1.73774874526
2902 1.33096372087
2903 1.75255225411
2904 0.539566022576
2905 0.978114391721
2906 1.25418728945
2907 1.50494303043
2908 1.06719505334
2909 1.93592740262
2910 0.918459256201
2911 0.713937508476
2912 0.973075669022
2913 0.989755364411
2914 0.511300458721
2915 1.23181399015
2916 1.29011488602
2917 0.763266721936
2918 0.688945086611
2919 1.42747670651
2920 0.9746240256
2921 0.544094932767
2922 0.732972605137
2923 1.97594900216
2924 1.78731546224
2925 0.607203993404
2926 0.620806355143
2927 0.871867256058
2928 1.12981173772
2929 1.09241149325
2930 0.562998191552
2931 1.9045474404
2932 1.01094893736
2933 1.50910693349
2934 0.738496172255
2935 0.693027760111
2936 1.98404237294
2937 0.745628386564
2938 1.74768275013
2939 0.544218377284
2940 0.970725401013
2941 1.47982668771
2942 0.553850499296
2943 0.590622068126
2944 1.3203857282
2945 1.73370339833
2946 0.940473994265
2947 1.59355441961
2948 1.07976228323
2949 0.583250417892
2950 0.764704656618
2951 1.1364776401
2952 1.5791583335
2953 0.861745991489
2954 0.610925450328
2955 1.91644696787
2956 0.752607097839
2957 1.85758057334
2958 0.559380159068
2959 0.919136953121
2960 1.62296093525
2961 1.54390839762
2962 1.60059608535
2963 0.81186001746
2964 1.25474135819
2965 1.89846732349
2966 1.75781546464
2967 0.611789008322
2968 1.90595099092
2969 1.8098269512
2970 1.12339548532
2971 1.80015102889
2972 1.86562595256
2973 1.54853014286
2974 0.52607901716
2975 0.646758587546
2976 0.760006218643
2977 1.66236018851
2978 0.515622672829
2979 1.58485175887
2980 1.74257581243
2981 1.94317830631
2982 1.16766803802
2983 0.95588251301
2984 0.759763744995
2985 0.949357965622
2986 1.79392421414
2987 1.05929578309
2988 0.770521850805
2989 0.815581901771
2990 1.18129069851
2991 1.04246821598
2992 1.52264472007
2993 1.45155634557
2994 1.31538202929
2995 1.60357454161
2996 1.64876381022
2997 1.43665254472
2998 1.87783712715
2999 0.583106947607
