15
movielens_small
5
1
20 1.2
0.5 0.3
10 0.3
0.6 15
2.5 1.3
0.2 8
4 1.2 5
0.6 2 20
5
375 0.05
0.0006 800
5 1.5
150 0.05
18 1.2
0.3 35
15 0.4 2
0.06 162 4
10
15 5
0.04 260
6.5 2.4
65 0.3
0.6 38
0.11 190
4 13 10
0.4 70 5
25
25 6
0.3 100
0.6 65
3 11
11 6
0.2 190
110 2 15
0.4 90 4
50
10 6
4 15
15 3
6 6
2.1 40
0.1 400
5 3 10
5.5 6 5
movielens_medium
5
1
0.3 0.2
0.3 1.5
19 0.01
0.15 0.9
0.1 0.01
0.1 0.001
6 0.001 5
0.001 0.3 5
5
3 9
0.5 8
1.3 6
1 4
3 3
0.02 160
150 0.2 2
0.3 12 3
10
21 6
1 100
1.5 5.6
4 2
2 3
0.05 160
20 2.1 2
0.5 30 4
25
22 14
1 23
6 19
0.4 100
9 6
5 7
0.7 180 2
11 6 2
50
110 2
1.5 35
30 3
6 13
10 9
12 6
0.3 200 2
90 1 2
movielens_large
5
1
20 1.2
0.5 0.3
10 0.3
0.6 15
2.5 1.3
0.2 8
4 1.2 5
0.6 2 20
5
15 5
0.0006 800
6.5	2.4
150	0.05
0.6	38
0.3	35
4 13 10
0.06 162 5
10
15 5
0.04 260
6.5	2.4
65 0.3
0.6	38
0.11 190
4 13 10
0.4	70 5
25
25	6
0.3	100
0.6	65
3	11
11	6
0.2	190
110	2 15
0.4	90 4
50
10 6
4 15
15 3
6 6
2.1	30
0.1	400
5 3 10
5.5	6 5
epinions

